image: my_map_karto.pgm
resolution: 0.050000
origin: [-7.961142, -22.481118, 0.000000]
negate: 0
occupied_thresh: 0.65
free_thresh: 0.196

