image: fastlio.pgm
resolution: 0.010000
origin: [-1.796698, -15.507505, 0.000000]
negate: 0
occupied_thresh: 0.65
free_thresh: 0.196
